-0.020000000000000004
0.195
0.4
0.585
0.685
0.635
0.28500000000000003
0.2
0.125
0.08
0.060000000000000005
0.05
0.06
0.065
0.24
0.365
0.415
0.425
0.43666666666666665
0.43333333333333335
0.49
0.645
0.875
1.05
0.84
0.6566666666666666
0.5933333333333334
0.22
0.08333333333333334
0.026666666666666672
-0.135
-0.39
-0.89
-0.985
-0.99
-0.94
-0.85
-0.8
-0.6699999999999999
-0.36333333333333334
-0.33666666666666667
-0.29
-0.28
-0.29500000000000004
-0.375
-0.4166666666666667
-0.43333333333333335
-0.49333333333333335
-0.49666666666666665
-0.43
-0.22999999999999998
0.09
0.515
1.4100000000000001
1.75
2.02
2.2350000000000003
2.365
2.3966666666666665
2.3933333333333335
2.085
1.685
1.2149999999999999
0.72
0.15999999999999998
-0.455
-0.9500000000000001
-1.1833333333333333
-1.2466666666666668
-1.33
-1.415
-1.525
-1.4666666666666668
-1.3833333333333333
-1.185
-1.0
-1.0266666666666666
-1.0333333333333334
-1.07
-1.105
-1.135
-1.3599999999999999
-1.555
-1.6549999999999998
-1.535
-1.24
-0.9400000000000001
-0.7766666666666667
-0.7433333333333333
-0.61
-0.5800000000000001
-0.53
-0.5900000000000001
-0.67
-0.71
-0.745
-0.71
-0.6000000000000001
-0.48
-0.29500000000000004
-0.185
-0.1
-0.10500000000000001
-0.16
-0.19
-0.24
-0.32999999999999996
-0.22999999999999998
-0.06
0.06
0.14500000000000002
0.315
0.54
0.6966666666666667
0.7433333333333334
0.825
0.935
1.1099999999999999
1.26
1.225
1.03
0.775
0.17
-0.15
-0.22666666666666668
-0.19333333333333336
-0.04000000000000001
0.235
0.275
0.31999999999999995
0.35
0.36
0.33999999999999997
0.2833333333333333
0.25666666666666665
0.17
0.17
0.22500000000000003
0.375
0.5549999999999999
0.685
0.6666666666666667
0.6633333333333333
0.675
0.665
0.61
0.515
0.36
0.19999999999999998
0.02500000000000001
-0.1
-0.13
-0.12000000000000001
-0.42999999999999994
-0.705
-0.845
-0.81
-0.6699999999999999
-0.5033333333333333
-0.43666666666666665
-0.085
0.013333333333333336
0.05666666666666667
0.2
0.42000000000000004
0.655
0.855
0.94
0.8
0.44
-0.22
-0.35
-0.425
-0.5
-0.53
-0.8966666666666667
-0.9833333333333334
-1.42
-1.55
-1.62
-1.5999999999999999
-1.56
-1.405
-1.15
-0.925
-0.725
-0.32333333333333336
-0.27666666666666667
-0.235
-0.4166666666666667
-0.4833333333333334
-0.64
-0.79
-0.8200000000000001
-0.7
-0.16
0.14500000000000002
0.365
0.515
0.645
0.86
1.185
1.4266666666666667
1.4933333333333334
1.3599999999999999
1.03
0.6766666666666666
0.5133333333333333
-0.33333333333333337
-0.4966666666666667
-0.855
-1.2000000000000002
-1.455
-1.6
-1.64
-1.5333333333333334
-1.4766666666666666
-1.1033333333333333
-1.0166666666666666
-0.64
-0.495
-0.45999999999999996
-0.5266666666666666
-0.5733333333333334
-0.9199999999999999
-1.05
-1.065
-0.95
-0.8133333333333334
-0.7666666666666666
-0.655
-0.53
-0.365
-0.135
0.12000000000000001
0.31
0.32
0.19666666666666666
0.12333333333333332
-0.08
-0.32
-0.43
-0.385
-0.32999999999999996
-0.385
-0.405
-0.36
-0.29000000000000004
-0.22
-0.17666666666666667
-0.17333333333333334
-0.22000000000000003
-0.345
-0.44
-0.365
0.09666666666666666
0.15333333333333332
0.185
0.10500000000000001
0.060000000000000005
0.15000000000000002
0.36
0.565
0.6233333333333334
0.5866666666666667
0.5
0.615
0.815
1.055
1.2933333333333332
1.4066666666666667
2.0100000000000002
2.29
2.495
2.605
2.586666666666667
2.533333333333333
2.31
1.86
0.7566666666666666
0.5733333333333333
0.16
-0.215
-0.5700000000000001
-0.6
-0.6799999999999999
-0.6333333333333334
-0.5966666666666667
-0.45000000000000007
-0.25
-0.05499999999999999
0.25
0.305
0.225
0.015000000000000013
-0.2
-0.29000000000000004
-0.515
-0.745
-0.905
-0.8966666666666667
-0.8733333333333333
-0.6
-0.36
-0.15000000000000002
-0.08000000000000002
0.039999999999999994
0.16
0.36
0.625
0.855
0.78
0.735
0.715
0.685
0.6000000000000001
0.51
0.48000000000000004
0.23333333333333336
0.1866666666666667
0.165
0.43
0.53
0.5333333333333333
0.5166666666666667
0.49
0.44
0.29500000000000004
0.05499999999999999
-0.19
-0.4633333333333333
-0.5166666666666666
-0.89
-1.22
-1.23
-1.1433333333333333
-1.0966666666666667
-0.99
-0.885
-0.5700000000000001
-0.43
-0.39
-0.445
-0.55
-0.61
-0.74
-0.895
-0.98
-0.975
-0.95
-0.96
-1.025
-0.9199999999999999
-0.8366666666666667
-0.8233333333333334
-0.8600000000000001
-0.96
-0.9550000000000001
-0.875
-0.755
-0.555
-0.33666666666666667
-0.24333333333333332
0.26666666666666666
0.3733333333333333
0.625
1.1533333333333333
1.2366666666666668
1.44
1.8266666666666667
1.8733333333333333
1.935
