0.023451698795790326
0.09984061930783242
0.1762295081967213
0.26810109289617484
0.3473360655737705
0.4237249228395062
0.5494079829487958
0.6257969034608378
0.714936247723133
0.7913251366120219
0.8705601092896175
0.9469489665553532
1.0260701275045538
1.1080373406193078
1.243624772313297
1.3171675457903258
1.3992486338797814
1.475637491145517
1.5520264116575593
1.6014344262295082
1.6749772313296902
1.7640027322404372
1.8432377049180326
1.9196265621837685
2.0807149362477233
2.1627959610908722
2.165528201528031
2.295537340619308
2.3690801140963367
2.4511612021857925
2.5247040072859743
2.60393897996357
2.742372463823113
2.815915300546448
2.8979963570127505
2.974271370926938
3.0533925318761383
3.091643897996357
3.1763433515482697
3.3093123545334953
3.344603825136612
3.49738160291439
3.5002276550799434
3.5850409836065573
3.7321265621837685
3.8241120218579234
3.870673952641166
3.9797358518012547
4.020605646630237
4.102686671473386
4.1789617486338795
4.270833333333333
4.350068306010929
4.473132969034609
4.546561930783242
4.628529143897996
4.705031876138434
4.796903460837887
4.914162081309452
4.917008196721311
5.078210382513661
5.154485428051002
5.225295961090873
5.322859744990892
5.40198087431694
5.478369731582676
5.552026411657559
5.631147540983607
5.680441712204007
5.769581056466302
5.845969945355192
5.925204918032787
6.086293228850435
6.089139344262295
6.165528201528031
6.30111563322202
6.374658469945355
6.451047327211091
6.5274362477231325
6.612249513003441
6.680213993877757
6.821493624772313
6.8978825136612025
6.974271370926938
7.056238584041692
7.132627504553734
7.211748633879782
7.3091985428051
7.347336065573771
7.497381602914389
7.502959895517102
7.658583788706739
7.7349726775956285
7.797017272566282
7.873406193078324
7.946948966555353
8.026183939232949
8.105418911910544
8.181693989071038
8.325933515482696
8.39936247723133
8.481443502074479
8.552140223385955
8.62568306010929
8.704918032786885
8.78130689005262
8.873178474752075
8.996129294424206
9.07809650753896
9.154485428051002
9.230874316939891
9.325591985428051
9.40198087431694
9.481101972019834
9.524931693989071
9.604052791691965
9.680441712204008
9.753984485681036
9.845969945355192
9.925091043058085
10.0099043715847
10.089139344262295
10.206397996357012
10.295423497267759
10.374772313296903
10.451047327211091
10.530282299888686
10.655965359997976
10.729508196721312
10.818647540983607
10.897882513661202
10.977003611364097
11.056124772313296
11.135359744990893
11.167918911910544
11.3091985428051
11.35302820152803
11.426571038251366
11.505806010928962
11.584927108631856
11.737704918032787
11.796903460837887
11.870560109289617
11.955373406193079
12.028916179670107
12.108151152347704
12.184540072859745
12.320127504553733
12.396516393442623
12.472905250708358
12.552140223385955
12.628529143897996
12.704804157812184
12.799521857923498
12.914048269581057
12.998975409836065
13.083674863387978
13.15721766848816
13.23360655737705
13.249089253187615
13.40186699934224
13.480988160291439
13.52481781901437
13.604052791691965
13.680327868852459
13.77231329690346
13.848588310817648
13.925091043058085
14.00705825617284
14.089025469287593
14.224612900981583
14.303847873659178
14.377390710382514
14.45377956764825
14.533014540325844
14.653119307832423
14.682946234314915
14.824225865209472
14.90061475409836
14.982581967213115
15.056124772313296
15.099954431036227
15.179075591985429
15.270947176684881
15.350182149362476
15.429303278688524
15.582081056466302
15.584927108631856
15.699453551912569
15.796903460837887
15.873292349726777
15.946835154826958
16.02891617967011
16.10530510018215
16.184426229508198
16.322973556719287
16.396402518467923
16.475637491145516
16.552026411657558
16.631261384335154
16.71049635701275
16.799521857923498
16.914048269581055
16.92247267759563
17.080828747976117
17.157217668488162
17.24624316939891
17.249089253187613
17.401753187613842
17.44831508677393
17.527550059451528
17.606785032129125
17.683173952641166
17.77504553734062
17.848588310817647
17.97438524590164
18.006944444444443
18.129895264116577
18.19330601092896
18.298155737704917
18.377276835407812
18.494763174205627
18.535746780763002
18.612135701275044
18.744877049180328
18.824112021857925
18.903346994535518
18.9768897996357
19.058857012750455
19.102572859744992
19.181807832422585
19.276525469287595
19.34722219059907
19.429303278688526
19.508424376391417
19.587659349069014
19.717554644808743
19.79394350207448
19.873178474752073
19.949681206992512
20.031648420107267
20.1051912568306
20.187272313296905
20.322859744990893
20.399248633879782
20.472791438979964
20.55475865209472
20.628301425571745
20.707536398249342
20.799407982948797
20.84323770491803
20.925204918032787
21.00717213114754
21.089139344262296
21.16552820152803
21.32809650753896
21.33094262295082
21.44831508677393
21.530396174863387
21.60393897996357
21.683060109289617
21.7566029143898
21.85132055125481
21.97427137092694
22.009676684881605
22.132627504553735
22.21186247723133
22.300887978142075
22.385701275045538
22.45935792349727
22.503073770491802
22.658697600435133
22.744877049180328
22.824112021857925
22.903346994535518
22.982468092238413
23.03176229508197
23.11099726775956
23.1873861250253
23.31454918032787
23.352800546448087
23.432035519125684
23.508424376391417
23.66393442622951
23.66962656218377
23.799521857923498
23.876024590163933
23.94956739526412
24.034380660544425
24.110769581056466
24.187158469945356
24.32559198542805
24.39913475890508
24.478369731582674
24.55760470426027
24.63672586520947
24.674863387978142
24.772427108631856
24.848816029143897
24.925204918032787
25.080714936247723
25.089139344262296
25.233378870673953
25.301115633222018
25.374658469945356
25.45104732721109
25.533128415300546
25.606671220400727
25.685906193078324
25.762295081967213
25.8978825136612
25.982809622293058
26.059084699453553
26.138205797156445
26.208902518467923
26.303620218579233
26.38285519125683
26.423724922839508
26.579348816029142
26.585040983606557
26.667008196721312
26.823998146883223
26.903233119560817
26.982468092238413
27.03176229508197
27.11088339278486
27.192964480874316
27.279143897996356
27.352686671473386
27.429075591985427
27.552140223385955
27.58754553734062
27.707650273224044
27.802367941712205
27.87591071518923
27.957991803278688
28.03153460837887
28.113615633222018
28.187158469945356
28.325478142076502
28.407559198542806
28.481101972019832
28.56033694469743
28.63672586520947
28.67497723132969
28.78677137092694
28.851548269581055
28.927937158469945
29.00705825617284
29.089139344262296
29.16552820152803
29.298269581056466
29.377504553734063
29.453893442622952
29.533014540325844
29.609403460837886
29.685792349726775
29.824339676937868
29.90061475409836
29.979963570127506
30.06181693989071
30.135359744990893
30.17634335154827
30.306352459016395
30.34733606557377
30.426571038251367
30.579348816029142
30.584927108631856
30.667008196721312
30.82957650273224
30.8352686386865
30.949795081967213
