2.009
1.9660001
1.9020001
1.881
1.9110001
1.9260001
1.8750001
1.8930001
1.7950001
1.8840001
1.881
1.8290001
1.838
1.8010001
1.725
1.871
1.8320001
1.932
2.015
1.914
1.868
1.9260001
2.006
1.9200001
1.9290001
1.8440001
1.838
1.963
1.8930001
2.042
2.1000001
1.9230001
1.868
1.9570001
2.048
2.085
2.051
1.8330001
1.853
1.812
1.8820001
2.02
2.043
1.9180001
1.973
1.9800001
2.0180001
1.9480001
1.8720001
1.94
1.8390001
1.8700001
1.9060001
1.876
1.9420002
1.963
1.955
1.904
1.8550001
1.9010001
1.8260001
1.7370001
1.7440001
1.8540001
1.83
1.8420001
1.784
1.8650001
1.8870001
1.7990001
1.889
1.9340001
1.8870001
1.8460001
1.8080001
1.7600001
1.82
1.9120001
1.9050001
1.9060001
1.9420002
1.8850001
1.9980001
1.9720001
1.9390001
1.812
1.7420001
1.738
1.8960001
1.9750001
2.025
1.9120001
1.7950001
1.7990001
1.8180001
1.9020001
1.9340001
1.95
1.8060001
1.7800001
1.8360001
1.9010001
1.9920001
1.9770001
1.9470001
1.774
1.8590001
1.9530001
1.9470001
1.7870001
1.8160001
1.794
1.8620001
1.8970001
1.876
1.8010001
1.9230001
1.9020001
1.9380001
1.9410001
1.9480001
1.8830001
1.8550001
1.8420001
1.95
2.098
2.046
2.01
2.0860002
2.0540001
2.059
1.922
1.945
1.937
1.8830001
1.8220001
2.0210001
2.089
2.048
2.046
1.904
2.026
2.061
2.0570002
2.032
1.978
1.9230001
1.843
1.9990001
1.9690001
2.0340002
1.9350001
1.9690001
1.8550001
1.8700001
1.9930001
1.9950001
1.9000001
1.848
1.8980001
1.9300001
1.917
2.0140002
2.0640001
1.9770001
2.032
2.009
2.048
2.0040002
1.9510001
1.8320001
1.9000001
1.9290001
2.019
1.9700001
1.9520001
1.8780001
1.9540001
2.0600002
2.035
1.9200001
1.8820001
1.8230001
1.8570001
1.8900001
2.029
2.081
2.058
1.8900001
1.904
2.032
2.0640001
1.9670001
1.9070001
1.784
1.812
1.8590001
1.9020001
1.9800001
1.9970001
1.858
1.8520001
1.8540001
1.9840001
1.899
1.7780001
1.7540001
1.7770001
1.8540001
1.881
2.0210001
1.9930001
1.9710001
1.9570001
1.9950001
2.02
1.9530001
1.8520001
1.8330001
1.922
1.9110001
1.9130001
1.9640001
1.909
1.8800001
1.996
1.8930001
1.8470001
1.8100001
1.802
1.8040001
1.8180001
1.914
1.909
1.8960001
1.8650001
1.8090001
1.917
1.9620001
1.9650002
1.978
1.8650001
1.7980001
1.7960001
1.9340001
1.9690001
1.963
1.8850001
1.8830001
1.9050001
1.9080001
1.937
1.9520001
1.8240001
1.756
1.8010001
1.807
1.9900001
1.9380001
1.9700001
2.0180001
1.9440001
1.9330001
1.9440001
1.9200001
1.9050001
1.8100001
1.8730001
1.9130001
1.9460001
1.9260001
1.9010001
1.8650001
1.9230001
1.9480001
1.9260001
1.9800001
1.9870001
1.8640001
1.886
2.0070002
2.0770001
2.072
1.9760001
1.955
2.0400002
2.0410001
2.043
2.0170002
1.9970001
1.9430001
2.1000001
2.102
2.1320002
2.0340002
2.1620002
1.9940001
1.9890001
2.0540001
2.058
2.079
2.016
1.835
1.7900001
1.8770001
2.036
2.065
2.056
2.0370002
1.9290001
1.927
1.9790001
1.9980001
1.909
1.8190001
1.8550001
1.9480001
1.9020001
2.071
2.1230001
1.9740001
2.026
2.0110002
2.1690001
2.0760002
1.996
1.8830001
1.9560001
1.9900001
2.072
2.1450002
2.0900002
2.0770001
2.1330001
2.137
2.18
2.0600002
2.032
1.8950001
1.9560001
1.9770001
2.0180001
1.9930001
2.035
1.922
1.8410001
2.0170002
2.15
2.0640001
1.9760001
1.8640001
1.8640001
1.927
1.937
1.9690001
1.9430001
1.9850001
1.9700001
1.9310001
2.0170002
2.0040002
1.8720001
1.8010001
1.815
1.8690001
1.871
2.042
2.062
2.016
2.051
2.028
2.003
